96 0.371 0.396 0.375 0.399 0.375 0.399 0.386 0.405 0.376 0.419 0.449 0.459 0.865 0.713
192 0.410 0.417 0.414 0.421 0.405 0.416 0.441 0.436 0.420 0.448 0.500 0.482 1.008 0.792
336 0.429 0.430 0.431 0.436 0.439 0.443 0.487 0.458 0.459 0.465 0.521 0.496 1.107 0.809
720 0.434 0.450 0.449 0.466 0.472 0.490 0.503 0.491 0.506 0.507 0.514 0.512 1.181 0.865
96 0.275 0.333 0.274 0.336 0.289 0.353 0.297 0.349 0.346 0.388 0.358 0.397 3.755 1.525
192 0.342 0.375 0.339 0.379 0.383 0.418 0.380 0.400 0.429 0.439 0.456 0.452 5.602 1.931
336 0.331 0.378 0.331 0.380 0.448 0.465 0.428 0.432 0.496 0.487 0.482 0.486 4.721 1.835
720 0.380 0.417 0.379 0.422 0.605 0.551 0.427 0.445 0.463 0.474 0.515 0.511 3.647 1.625
96 0.292 0.340 0.290 0.342 0.299 0.343 0.334 0.368 0.379 0.419 0.505 0.475 0.672 0.571
192 0.329 0.363 0.332 0.369 0.335 0.365 0.377 0.391 0.426 0.441 0.553 0.496 0.795 0.669
336 0.365 0.386 0.366 0.392 0.369 0.386 0.426 0.420 0.445 0.459 0.621 0.537 1.212 0.871
720 0.420 0.418 0.420 0.424 0.425 0.421 0.491 0.459 0.543 0.490 0.671 0.561 1.166 0.823
96 0.160 0.248 0.165 0.255 0.167 0.260 0.180 0.264 0.203 0.287 0.255 0.339 0.365 0.453
192 0.219 0.287 0.220 0.292 0.224 0.303 0.250 0.309 0.269 0.328 0.281 0.340 0.533 0.563
336 0.271 0.323 0.278 0.329 0.281 0.342 0.311 0.348 0.325 0.366 0.339 0.372 1.363 0.887
720 0.364 0.381 0.367 0.385 0.397 0.421 0.412 0.407 0.421 0.415 0.433 0.432 3.379 1.338
96 0.152 0.194 0.152 0.199 0.176 0.237 0.174 0.214 0.217 0.296 0.266 0.336 0.300 0.384
192 0.196 0.235 0.197 0.243 0.220 0.282 0.221 0.254 0.276 0.336 0.307 0.367 0.598 0.544
336 0.248 0.276 0.249 0.283 0.265 0.319 0.278 0.296 0.339 0.380 0.359 0.395 0.578 0.523
720 0.318 0.328 0.320 0.335 0.323 0.362 0.358 0.349 0.403 0.428 0.419 0.428 1.059 0.741
96 0.366 0.242 0.367 0.251 0.410 0.282 0.395 0.268 0.587 0.366 0.613 0.388 0.719 0.391
192 0.385 0.249 0.385 0.259 0.423 0.287 0.417 0.276 0.604 0.373 0.616 0.382 0.696 0.379
336 0.397 0.255 0.398 0.265 0.436 0.296 0.433 0.283 0.621 0.383 0.622 0.337 0.777 0.420
720 0.401 0.258 0.434 0.287 0.466 0.315 0.467 0.302 0.626 0.382 0.660 0.408 0.864 0.472
96 0.130 0.222 0.130 0.222 0.140 0.237 0.148 0.240 0.193 0.308 0.201 0.317 0.274 0.368
192 0.146 0.238 0.148 0.240 0.153 0.249 0.162 0.253 0.201 0.315 0.222 0.334 0.296 0.386
336 0.161 0.255 0.167 0.261 0.169 0.267 0.178 0.269 0.214 0.329 0.231 0.338 0.300 0.394
720 0.197 0.287 0.202 0.291 0.203 0.301 0.225 0.317 0.246 0.355 0.254 0.361 0.373 0.439
96 0.087 0.206 0.093 0.213 0.081 0.203 0.088 0.208 0.148 0.278 0.197 0.323 0.847 0.752
192 0.185 0.305 0.194 0.314 0.157 0.293 0.185 0.307 0.271 0.380 0.300 0.369 1.204 0.895
336 0.346 0.427 0.355 0.436 0.305 0.414 0.342 0.427 0.460 0.500 0.509 0.524 1.672 1.036
720 0.891 0.707 0.906 0.714 0.643 0.601 0.866 0.702 1.195 0.841 1.447 0.941 2.478 1.310